5.00,255,40.06
10.00,215,39.81
15.00,215,39.81
20.00,175,39.94
5.00,255,41.31
10.00,255,41.44
15.00,255,41.69
20.00,255,42.00
25.00,255,42.38
30.00,255,42.81
35.00,255,43.25
40.00,255,43.75
45.00,255,44.19
50.00,255,44.69
55.00,255,45.13
60.00,255,45.63
65.00,255,46.13
70.00,255,46.56
75.00,255,47.06
80.00,255,47.56
85.00,255,48.00
90.00,255,48.44
95.00,255,48.94
100.00,255,49.38
105.00,255,49.75
110.00,255,50.19
115.00,255,50.63
120.00,255,51.06
125.00,255,51.44
130.00,255,51.81
135.00,255,52.25
140.00,255,52.63
145.00,255,53.00
150.00,255,53.31
155.00,255,53.69
160.00,255,54.06
165.00,255,54.38
170.00,255,54.69
175.00,255,55.06
180.00,255,55.38
185.00,255,55.69
190.00,255,56.00
195.00,255,56.25
200.00,255,56.56
205.00,255,56.81
210.00,255,57.13
215.00,255,57.38
220.00,255,57.63
225.00,255,57.88
230.00,255,58.13
235.00,255,58.38
240.00,255,58.63
245.00,255,58.88
250.00,255,59.06
255.00,255,59.31
260.00,255,59.50
265.00,255,59.69
270.00,255,59.94
275.00,255,60.13
280.00,255,60.31
285.00,255,60.50
290.00,255,60.69
295.00,255,60.88
300.00,255,61.00
305.00,255,61.19
310.00,255,61.38
315.00,255,61.50
320.00,255,61.63
325.00,255,61.81
330.00,255,61.94
335.00,255,62.13
340.00,255,62.25
345.00,255,62.38
350.00,255,62.50
355.00,255,62.63
360.00,255,62.81
365.00,255,62.88
370.00,255,63.00
375.00,255,63.13
380.00,255,63.25
385.00,255,63.38
390.00,255,63.50
395.00,255,63.56
400.00,255,63.69
405.00,255,63.81
410.00,255,63.88
415.00,255,64.00
420.00,255,64.06
425.00,255,64.19
430.00,255,64.25
435.00,255,64.37
440.00,255,64.44
445.00,255,64.56
450.00,255,64.62
455.00,255,64.69
460.00,255,64.75
465.00,255,64.87
470.00,255,64.94
475.00,255,65.00
480.00,255,65.06
485.00,255,65.12
490.00,255,65.19
495.00,255,65.25
500.00,255,65.31
505.00,255,65.37
510.00,255,65.44
515.00,255,65.50
520.00,255,65.56
525.00,255,65.62
530.00,255,65.69
535.00,255,65.75
540.00,255,65.81
545.00,255,65.81
550.00,255,65.87
555.00,255,65.94
560.00,255,66.00
565.00,255,66.00
570.00,255,66.06
575.00,255,66.12
580.00,255,66.19
585.00,255,66.19
590.00,255,66.25
595.00,255,66.31
600.00,255,66.31
605.00,255,66.37
610.00,255,66.37
615.00,255,66.44
620.00,255,66.44
625.00,255,66.50
630.00,255,66.56
635.00,255,66.56
640.00,255,66.62
645.00,255,66.62
650.00,255,66.69
655.00,255,66.69
660.00,255,66.75
665.00,255,66.75
670.00,255,66.81
675.00,255,66.81
680.00,255,66.87
685.00,255,66.94
690.00,255,66.94
695.00,255,66.94
700.00,255,67.00
705.00,255,67.06
710.00,255,67.06
715.00,255,67.06
720.00,255,67.12
725.00,255,67.12
730.00,255,67.19
735.00,255,67.19
740.00,255,67.19
745.00,255,67.19
750.00,255,67.25
755.00,255,67.25
760.00,255,67.31
765.00,255,67.31
770.00,255,67.31
775.00,255,67.37
780.00,255,67.37
785.00,255,67.37
790.00,255,67.44
795.00,255,67.44
800.00,255,67.44
805.00,255,67.44
810.00,255,67.44
815.00,255,67.44
820.00,255,67.50
825.00,255,67.50
830.00,255,67.50
835.00,255,67.56
840.00,255,67.56
845.00,255,67.56
850.00,255,67.56
855.00,255,67.56
860.00,255,67.62
865.00,255,67.62
870.00,255,67.62
875.00,255,67.62
880.00,255,67.62
885.00,255,67.62
890.00,255,67.62
895.00,255,67.69
900.00,255,67.69
905.00,255,67.69
910.00,255,67.69
915.00,255,67.69
920.00,255,67.69
925.00,255,67.69
930.00,255,67.69
935.00,255,67.75
940.00,255,67.75
945.00,255,67.75
950.00,255,67.75
955.00,255,67.75
960.00,255,67.75
965.00,255,67.81
970.00,255,67.81
975.00,255,67.81
980.00,255,67.81
985.00,255,67.81
990.00,255,67.81
995.00,255,67.81
1000.00,255,67.81
1005.00,255,67.87
1010.00,255,67.87
1015.00,255,67.87
1020.00,255,67.87
1025.00,255,67.87
1030.00,255,67.87
1035.00,255,67.87
1040.00,255,67.87
1045.00,255,67.87
1050.00,255,67.94
1055.00,255,67.87
1060.00,255,67.94
1065.00,255,67.94
1070.00,255,67.94
1075.00,255,67.94
1080.00,255,67.94
1085.00,255,67.94
1090.00,255,67.94
1095.00,255,68.00
1100.00,255,68.00
1105.00,255,67.94
1110.00,255,68.00
1115.00,255,68.00
1120.00,255,68.00
1125.00,255,68.00
1130.00,255,68.00
1135.00,255,68.00
1140.00,255,68.00
1145.00,255,68.00
1150.00,255,68.06
1155.00,255,68.06
1160.00,255,68.06
1165.00,255,68.06
1170.00,255,68.06
1175.00,255,68.06
1180.00,255,68.06
1185.00,255,68.06
1190.00,255,68.06
1195.00,255,68.06
1200.00,255,68.12
1205.00,255,68.12
1210.00,255,68.12
1215.00,255,68.12
1220.00,255,68.12
1225.00,255,68.12
1230.00,255,68.12
1235.00,255,68.12
1240.00,255,68.12
1245.00,255,68.12
1250.00,255,68.12
1255.00,255,68.19
1260.00,255,68.12
1265.00,255,68.12
1270.00,255,68.12
1275.00,255,68.19
1280.00,255,68.12
1285.00,255,68.12
1290.00,255,68.19
1295.00,255,68.19
1300.00,255,68.19
1305.00,255,68.19
1310.00,255,68.19
1315.00,255,68.19
1320.00,255,68.19
1325.00,255,68.19
1330.00,255,68.19
1335.00,255,68.19
1340.00,255,68.19
1345.00,255,68.19
1350.00,255,68.19
1355.00,255,68.19
1360.00,255,68.19
1365.00,255,68.19
1370.00,255,68.19
1375.00,255,68.19
1380.00,255,68.19
1385.00,255,68.19
1390.00,255,68.25
1395.00,255,68.25
1400.00,255,68.25
1405.00,255,68.25
1410.00,255,68.25
1415.00,255,68.25
1420.00,255,68.25
1425.00,255,68.31
1430.00,255,68.31
1435.00,255,68.31
1440.00,255,68.31
1445.00,255,68.31
1450.00,255,68.31
1455.00,255,68.31
1460.00,255,68.31
1465.00,255,68.31
1470.00,255,68.31
1475.00,255,68.31
1480.00,255,68.31
1485.00,255,68.31
1490.00,255,68.31
1495.00,255,68.31
1500.00,255,68.31
1505.00,255,68.31
1510.00,255,68.31
1515.00,255,68.31
1520.00,255,68.31
1525.00,255,68.31
1530.00,255,68.37
1535.00,255,68.37
1540.00,255,68.37
1545.00,255,68.37
1550.00,255,68.37
1555.00,255,68.37
1560.00,255,68.37
1565.00,255,68.37
1570.00,255,68.37
1575.00,255,68.37
1580.00,175,68.37
1585.00,175,68.37
1590.00,175,68.25
1595.00,175,68.12
1600.00,175,67.94
1605.00,175,67.69
1610.00,175,67.50
1615.00,175,67.25
1620.00,175,67.00
1625.00,175,66.81
1630.00,175,66.50
1635.00,175,66.25
1640.00,175,66.00
1645.00,175,65.75
1650.00,175,65.50
1655.00,175,65.25
1660.00,175,65.00
1665.00,175,64.75
1670.00,175,64.50
1675.00,175,64.25
1680.00,175,64.00
1685.00,175,63.75
1690.00,175,63.56
1695.00,175,63.31
1700.00,175,63.13
1705.00,175,62.88
1710.00,175,62.69
1715.00,175,62.50
1720.00,175,62.25
1725.00,175,62.06
1730.00,175,61.88
1735.00,175,61.69
1740.00,175,61.50
1745.00,175,61.38
1750.00,175,61.19
1755.00,175,61.00
1760.00,175,60.81
1765.00,175,60.69
1770.00,175,60.50
1775.00,175,60.38
1780.00,175,60.19
1785.00,175,60.06
1790.00,175,59.88
1795.00,175,59.75
1800.00,175,59.63
1805.00,175,59.50
1810.00,175,59.38
1815.00,175,59.25
1820.00,175,59.13
1825.00,175,59.00
1830.00,175,58.88
1835.00,175,58.75
1840.00,175,58.63
1845.00,175,58.56
1850.00,175,58.44
1855.00,175,58.38
1860.00,175,58.25
1865.00,175,58.13
1870.00,175,58.06
1875.00,175,57.94
1880.00,175,57.88
1885.00,175,57.81
1890.00,175,57.69
1895.00,175,57.63
1900.00,175,57.56
1905.00,175,57.44
1910.00,175,57.38
1915.00,175,57.31
1920.00,175,57.25
1925.00,175,57.13
1930.00,175,57.13
1935.00,175,57.00
1940.00,175,56.94
1945.00,175,56.88
1950.00,175,56.81
1955.00,175,56.75
1960.00,175,56.69
1965.00,175,56.63
1970.00,175,56.56
1975.00,175,56.50
1980.00,175,56.44
1985.00,175,56.44
1990.00,175,56.38
1995.00,175,56.31
2000.00,175,56.25
2005.00,175,56.19
2010.00,175,56.19
2015.00,175,56.13
2020.00,175,56.06
2025.00,175,56.06
2030.00,175,56.00
2035.00,175,56.00
2040.00,175,55.94
2045.00,175,55.94
2050.00,175,55.88
2055.00,175,55.88
2060.00,175,55.81
2065.00,175,55.81
2070.00,175,55.75
2075.00,175,55.69
2080.00,175,55.69
2085.00,175,55.69
2090.00,175,55.63
2095.00,175,55.56
2100.00,175,55.56
2105.00,175,55.56
2110.00,175,55.50
2115.00,175,55.44
2120.00,175,55.44
2125.00,175,55.44
2130.00,175,55.44
2135.00,175,55.38
2140.00,175,55.38
2145.00,175,55.38
2150.00,175,55.31
2155.00,175,55.31
2160.00,175,55.25
2165.00,175,55.25
2170.00,175,55.19
2175.00,175,55.19
2180.00,175,55.19
2185.00,175,55.19
2190.00,175,55.13
2195.00,175,55.13
2200.00,175,55.13
2205.00,175,55.13
2210.00,175,55.06
2215.00,175,55.06
2220.00,175,55.06
2225.00,175,55.00
2230.00,175,55.00
2235.00,175,55.00
2240.00,175,54.94
2245.00,175,55.00
2250.00,175,54.94
2255.00,175,54.94
2260.00,175,54.94
2265.00,175,54.88
2270.00,175,54.88
2275.00,175,54.88
2280.00,175,54.88
2285.00,175,54.81
2290.00,175,54.81
2295.00,175,54.81
2300.00,175,54.81
2305.00,175,54.81
2310.00,175,54.75
2315.00,175,54.75
2320.00,175,54.75
2325.00,175,54.75
2330.00,175,54.75
2335.00,175,54.75
2340.00,175,54.69
2345.00,175,54.69
2350.00,175,54.69
2355.00,175,54.69
2360.00,175,54.69
2365.00,175,54.63
2370.00,175,54.63
2375.00,175,54.63
2380.00,175,54.63
2385.00,175,54.63
2390.00,175,54.63
2395.00,175,54.56
2400.00,175,54.56
2405.00,175,54.56
2410.00,175,54.56
2415.00,175,54.56
2420.00,175,54.56
2425.00,175,54.56
2430.00,175,54.56
2435.00,175,54.50
2440.00,175,54.50
2445.00,175,54.50
2450.00,175,54.50
2455.00,175,54.50
2460.00,175,54.50
2465.00,175,54.50
2470.00,175,54.44
2475.00,175,54.44
2480.00,175,54.44
2485.00,175,54.44
2490.00,175,54.44
2495.00,175,54.44
2500.00,175,54.44
2505.00,175,54.44
2510.00,175,54.44
2515.00,175,54.38
2520.00,175,54.38
2525.00,175,54.38
2530.00,175,54.38
2535.00,175,54.38
2540.00,175,54.38
2545.00,175,54.38
2550.00,175,54.38
2555.00,175,54.38
2560.00,175,54.38
2565.00,175,54.31
2570.00,175,54.31
2575.00,175,54.31
2580.00,175,54.31
2585.00,175,54.31
2590.00,175,54.31
2595.00,175,54.31
2600.00,175,54.31
2605.00,175,54.31
2610.00,175,54.31
2615.00,175,54.31
2620.00,175,54.31
2625.00,175,54.31
2630.00,175,54.31
2635.00,175,54.25
2640.00,175,54.31
2645.00,175,54.25
2650.00,175,54.25
2655.00,175,54.25
2660.00,175,54.25
2665.00,175,54.25
2670.00,175,54.25
2675.00,175,54.25
2680.00,175,54.25
2685.00,175,54.25
2690.00,175,54.25
2695.00,175,54.19
2700.00,175,54.19
2705.00,175,54.19
2710.00,175,54.19
2715.00,175,54.19
2720.00,175,54.19
2725.00,175,54.19
2730.00,175,54.19
2735.00,175,54.19
2740.00,175,54.19
2745.00,175,54.19
2750.00,175,54.19
2755.00,175,54.19
2760.00,175,54.19
2765.00,175,54.19
2770.00,175,54.19
2775.00,175,54.19
2780.00,175,54.13
2785.00,175,54.13
2790.00,175,54.13
2795.00,175,54.13
2800.00,175,54.13
2805.00,175,54.13
2810.00,175,54.13
2815.00,175,54.13
2820.00,175,54.13
2825.00,175,54.13
2830.00,175,54.13
2835.00,175,54.13
2840.00,175,54.13
2845.00,175,54.13
2850.00,175,54.13
2855.00,175,54.13
2860.00,175,54.13
2865.00,175,54.13
2870.00,175,54.06
2875.00,175,54.13
2880.00,175,54.13
2885.00,175,54.06
2890.00,175,54.06
2895.00,175,54.06
2900.00,175,54.06
2905.00,175,54.06
2910.00,175,54.06
2915.00,175,54.06
2920.00,175,54.06
2925.00,175,54.06
2930.00,175,54.06
2935.00,175,54.06
2940.00,175,54.06
2945.00,175,54.06
2950.00,175,54.06
2955.00,175,54.06
2960.00,175,54.06
2965.00,175,54.06
2970.00,175,54.06
2975.00,175,54.06
2980.00,175,54.06
2985.00,175,54.06
2990.00,175,54.06
2995.00,175,54.06
3000.00,175,54.06
3005.00,175,54.06
3010.00,175,54.06
3015.00,175,54.00
3020.00,175,54.00
3025.00,175,54.06
3030.00,175,54.00
3035.00,175,54.06
3040.00,175,54.00
3045.00,175,54.00
3050.00,175,54.06
3055.00,175,54.00
3060.00,175,54.00
3065.00,175,54.00
3070.00,175,54.00
3075.00,175,54.00
3080.00,175,54.00
3085.00,175,54.00
3090.00,175,54.00
3095.00,175,54.00
3100.00,175,54.00
3105.00,175,54.00
3110.00,175,54.00
3115.00,175,54.00
3120.00,175,54.00
3125.00,175,54.00
3130.00,175,54.00
3135.00,175,54.00
3140.00,175,54.00
3145.00,175,54.00
3150.00,175,54.00
3155.00,95,54.00
3160.00,95,54.00
3165.00,95,53.81
3170.00,95,53.69
3175.00,95,53.50
3180.00,95,53.25
3185.00,95,53.06
3190.00,95,52.81
3195.00,95,52.56
3200.00,95,52.31
3205.00,95,52.00
3210.00,95,51.75
3215.00,95,51.50
3220.00,95,51.25
3225.00,95,51.00
3230.00,95,50.75
3235.00,95,50.50
3240.00,95,50.25
3245.00,95,50.00
3250.00,95,49.75
3255.00,95,49.50
3260.00,95,49.25
3265.00,95,49.06
3270.00,95,48.81
3275.00,95,48.56
3280.00,95,48.38
3285.00,95,48.13
3290.00,95,47.94
3295.00,95,47.69
3300.00,95,47.50
3305.00,95,47.31
3310.00,95,47.13
3315.00,95,46.94
3320.00,95,46.75
3325.00,95,46.56
3330.00,95,46.44
3335.00,95,46.25
3340.00,95,46.06
3345.00,95,45.94
3350.00,95,45.75
3355.00,95,45.56
3360.00,95,45.44
3365.00,95,45.31
3370.00,95,45.13
3375.00,95,45.00
3380.00,95,44.88
3385.00,95,44.75
3390.00,95,44.63
3395.00,95,44.50
3400.00,95,44.38
3405.00,95,44.25
3410.00,95,44.13
3415.00,95,44.00
3420.00,95,43.88
3425.00,95,43.75
3430.00,95,43.69
3435.00,95,43.56
3440.00,95,43.44
3445.00,95,43.38
3450.00,95,43.25
3455.00,95,43.19
3460.00,95,43.06
3465.00,95,43.00
3470.00,95,42.88
3475.00,95,42.81
3480.00,95,42.69
3485.00,95,42.63
3490.00,95,42.56
3495.00,95,42.44
3500.00,95,42.38
3505.00,95,42.31
3510.00,95,42.25
3515.00,95,42.19
3520.00,95,42.13
3525.00,95,42.06
3530.00,95,41.94
3535.00,95,41.88
3540.00,95,41.81
3545.00,95,41.75
3550.00,95,41.69
3555.00,95,41.63
3560.00,95,41.56
3565.00,95,41.50
3570.00,95,41.50
3575.00,95,41.44
3580.00,95,41.38
3585.00,95,41.31
3590.00,95,41.25
3595.00,95,41.19
3600.00,95,41.13
3605.00,95,41.13
3610.00,95,41.06
3615.00,95,41.00
3620.00,95,40.94
3625.00,95,40.94
3630.00,95,40.88
3635.00,95,40.81
3640.00,95,40.81
3645.00,95,40.75
3650.00,95,40.69
3655.00,95,40.69
3660.00,95,40.63
3665.00,95,40.63
3670.00,95,40.56
3675.00,95,40.56
3680.00,95,40.50
3685.00,95,40.44
3690.00,95,40.44
3695.00,95,40.44
3700.00,95,40.38
3705.00,95,40.31
3710.00,95,40.31
3715.00,95,40.25
3720.00,95,40.25
3725.00,95,40.25
3730.00,95,40.19
3735.00,95,40.19
3740.00,95,40.13
3745.00,95,40.13
3750.00,95,40.06
3755.00,95,40.06
3760.00,95,40.00
3765.00,95,40.00
3770.00,95,40.00
3775.00,95,39.94
3780.00,95,39.94
3785.00,95,39.94
3790.00,95,39.88
3795.00,95,39.88
3800.00,95,39.81
3805.00,95,39.81
3810.00,95,39.81
3815.00,95,39.81
3820.00,95,39.75
3825.00,95,39.75
3830.00,95,39.69
3835.00,95,39.69
3840.00,95,39.69
3845.00,95,39.69
3850.00,95,39.63
3855.00,95,39.63
3860.00,95,39.63
3865.00,95,39.63
3870.00,95,39.56
3875.00,95,39.56
3880.00,95,39.56
3885.00,95,39.56
3890.00,95,39.50
3895.00,95,39.50
3900.00,95,39.50
3905.00,95,39.50
3910.00,95,39.44
3915.00,95,39.44
3920.00,95,39.44
3925.00,95,39.44
3930.00,95,39.38
3935.00,95,39.38
3940.00,95,39.38
3945.00,95,39.38
3950.00,95,39.38
3955.00,95,39.38
3960.00,95,39.31
3965.00,95,39.31
3970.00,95,39.31
3975.00,95,39.31
3980.00,95,39.25
3985.00,95,39.25
3990.00,95,39.25
3995.00,95,39.25
4000.00,95,39.25
4005.00,95,39.25
4010.00,95,39.25
4015.00,95,39.19
4020.00,95,39.19
4025.00,95,39.19
4030.00,95,39.19
4035.00,95,39.19
4040.00,95,39.19
4045.00,95,39.19
4050.00,95,39.13
4055.00,95,39.13
4060.00,95,39.13
4065.00,95,39.13
4070.00,95,39.13
4075.00,95,39.13
4080.00,95,39.13
4085.00,95,39.06
4090.00,95,39.06
4095.00,95,39.06
4100.00,95,39.06
4105.00,95,39.06
4110.00,95,39.06
4115.00,95,39.06
4120.00,95,39.00
4125.00,95,39.00
4130.00,95,39.00
4135.00,95,39.00
4140.00,95,39.00
4145.00,95,39.00
4150.00,95,39.00
4155.00,95,39.00
4160.00,95,38.94
4165.00,95,38.94
4170.00,95,38.94
4175.00,95,38.94
4180.00,95,38.94
4185.00,95,38.94
4190.00,95,38.94
4195.00,95,38.94
4200.00,95,38.94
4205.00,95,38.88
4210.00,95,38.94
4215.00,95,38.88
4220.00,95,38.88
4225.00,95,38.88
4230.00,95,38.88
4235.00,95,38.88
4240.00,95,38.88
4245.00,95,38.88
4250.00,95,38.88
4255.00,95,38.88
4260.00,95,38.81
4265.00,95,38.81
4270.00,95,38.81
4275.00,95,38.81
4280.00,95,38.81
4285.00,95,38.81
4290.00,95,38.81
4295.00,95,38.81
4300.00,95,38.81
4305.00,95,38.81
4310.00,95,38.81
4315.00,95,38.81
4320.00,95,38.81
4325.00,95,38.81
4330.00,95,38.75
4335.00,95,38.75
4340.00,95,38.75
4345.00,95,38.75
4350.00,95,38.75
4355.00,95,38.75
4360.00,95,38.75
4365.00,95,38.75
4370.00,95,38.75
4375.00,95,38.75
4380.00,95,38.75
4385.00,95,38.69
4390.00,95,38.69
4395.00,95,38.69
4400.00,95,38.69
4405.00,95,38.69
4410.00,95,38.69
4415.00,95,38.69
4420.00,95,38.69
4425.00,95,38.69
4430.00,95,38.69
4435.00,95,38.69
4440.00,95,38.69
4445.00,95,38.69
4450.00,95,38.69
4455.00,95,38.69
4460.00,95,38.69
4465.00,95,38.69
4470.00,95,38.69
4475.00,95,38.69
4480.00,95,38.69
4485.00,95,38.63
4490.00,95,38.63
4495.00,95,38.63
4500.00,95,38.63
4505.00,95,38.63
4510.00,95,38.63
4515.00,95,38.63
4520.00,95,38.63
4525.00,95,38.63
4530.00,95,38.63
4535.00,95,38.63
4540.00,95,38.63
4545.00,95,38.63
4550.00,95,38.63
4555.00,95,38.63
4560.00,95,38.63
4565.00,95,38.63
4570.00,95,38.63
4575.00,95,38.63
4580.00,95,38.56
4585.00,95,38.56
4590.00,95,38.56
4595.00,95,38.56
4600.00,95,38.56
4605.00,95,38.56
4610.00,95,38.56
4615.00,95,38.56
4620.00,95,38.56
4625.00,95,38.56
4630.00,95,38.56
4635.00,95,38.56
4640.00,95,38.56
4645.00,95,38.56
4650.00,95,38.56
4655.00,95,38.56
4660.00,95,38.56
4665.00,95,38.56
4670.00,95,38.56
4675.00,95,38.56
4680.00,95,38.56
4685.00,95,38.56
4690.00,95,38.56
4695.00,95,38.56
4700.00,95,38.56
4705.00,95,38.56
4710.00,95,38.56
4715.00,95,38.56
4720.00,95,38.50
4725.00,95,38.50
4730.00,15,38.50
4735.00,15,38.50
4740.00,15,38.38
4745.00,15,38.19
4750.00,15,38.00
4755.00,15,37.81
4760.00,15,37.56
4765.00,15,37.31
4770.00,15,37.06
4775.00,15,36.81
4780.00,15,36.56
4785.00,15,36.31
4790.00,15,36.00
4795.00,15,35.75
4800.00,15,35.50
4805.00,15,35.19
4810.00,15,34.94
4815.00,15,34.69
4820.00,15,34.44
4825.00,15,34.19
4830.00,15,33.94
4835.00,15,33.69
4840.00,15,33.44
4845.00,15,33.19
4850.00,15,33.00
4855.00,15,32.75
4860.00,15,32.56
4865.00,15,32.31
4870.00,15,32.13
4875.00,15,31.94
4880.00,15,31.69
4885.00,15,31.50
4890.00,15,31.31
4895.00,15,31.12
4900.00,15,30.94
4905.00,15,30.75
4910.00,15,30.56
4915.00,15,30.37
4920.00,15,30.19
4925.00,15,30.06
4930.00,15,29.87
4935.00,15,29.69
4940.00,15,29.56
4945.00,15,29.37
4950.00,15,29.25
4955.00,15,29.12
4960.00,15,28.94
4965.00,15,28.81
4970.00,15,28.69
4975.00,15,28.56
4980.00,15,28.44
4985.00,15,28.25
4990.00,15,28.12
4995.00,15,28.00
5000.00,15,27.87
5005.00,15,27.81
5010.00,15,27.69
5015.00,15,27.56
5020.00,15,27.44
5025.00,15,27.37
5030.00,15,27.25
5035.00,15,27.12
5040.00,15,27.06
5045.00,15,26.94
5050.00,15,26.87
5055.00,15,26.75
5060.00,15,26.69
5065.00,15,26.56
5070.00,15,26.50
5075.00,15,26.44
5080.00,15,26.31
5085.00,15,26.25
5090.00,15,26.19
5095.00,15,26.06
5100.00,15,26.00
5105.00,15,25.94
5110.00,15,25.87
5115.00,15,25.75
5120.00,15,25.69
5125.00,15,25.62
5130.00,15,25.56
5135.00,15,25.50
5140.00,15,25.44
5145.00,15,25.37
5150.00,15,25.31
5155.00,15,25.25
5160.00,15,25.19
5165.00,15,25.12
5170.00,15,25.12
5175.00,15,25.00
5180.00,15,25.00
5185.00,15,24.94
5190.00,15,24.87
5195.00,15,24.81
5200.00,15,24.75
5205.00,15,24.69
5210.00,15,24.69
5215.00,15,24.62
5220.00,15,24.56
5225.00,15,24.56
5230.00,15,24.50
5235.00,15,24.44
5240.00,15,24.37
5245.00,15,24.37
5250.00,15,24.31
5255.00,15,24.25
5260.00,15,24.25
5265.00,15,24.19
5270.00,15,24.12
5275.00,15,24.12
5280.00,15,24.06
5285.00,15,24.06
5290.00,15,24.00
5295.00,15,24.00
5300.00,15,23.94
5305.00,15,23.94
5310.00,15,23.87
5315.00,15,23.87
5320.00,15,23.81
5325.00,15,23.81
5330.00,15,23.75
5335.00,15,23.75
5340.00,15,23.69
5345.00,15,23.69
5350.00,15,23.62
5355.00,15,23.62
5360.00,15,23.56
5365.00,15,23.56
5370.00,15,23.50
5375.00,15,23.50
5380.00,15,23.44
5385.00,15,23.44
5390.00,15,23.44
5395.00,15,23.37
5400.00,15,23.37
5405.00,15,23.37
5410.00,15,23.31
5415.00,15,23.31
5420.00,15,23.25
5425.00,15,23.25
5430.00,15,23.25
5435.00,15,23.19
5440.00,15,23.19
5445.00,15,23.19
5450.00,15,23.12
5455.00,15,23.12
5460.00,15,23.12
5465.00,15,23.06
5470.00,15,23.06
5475.00,15,23.06
5480.00,15,23.06
5485.00,15,23.00
5490.00,15,23.00
5495.00,15,23.00
5500.00,15,22.94
5505.00,15,22.94
5510.00,15,22.94
5515.00,15,22.87
5520.00,15,22.87
5525.00,15,22.87
5530.00,15,22.87
5535.00,15,22.81
5540.00,15,22.81
5545.00,15,22.81
5550.00,15,22.81
5555.00,15,22.75
5560.00,15,22.75
5565.00,15,22.75
5570.00,15,22.75
5575.00,15,22.69
5580.00,15,22.69
5585.00,15,22.69
5590.00,15,22.69
5595.00,15,22.69
5600.00,15,22.62
5605.00,15,22.62
5610.00,15,22.62
5615.00,15,22.62
5620.00,15,22.56
5625.00,15,22.56
5630.00,15,22.56
5635.00,15,22.56
5640.00,15,22.56
5645.00,15,22.56
5650.00,15,22.50
5655.00,15,22.50
5660.00,15,22.50
5665.00,15,22.50
5670.00,15,22.50
5675.00,15,22.44
5680.00,15,22.44
5685.00,15,22.44
5690.00,15,22.44
5695.00,15,22.44
5700.00,15,22.44
5705.00,15,22.37
5710.00,15,22.37
5715.00,15,22.37
5720.00,15,22.37
5725.00,15,22.37
5730.00,15,22.37
5735.00,15,22.37
5740.00,15,22.31
5745.00,15,22.31
5750.00,15,22.31
5755.00,15,22.31
5760.00,15,22.31
5765.00,15,22.31
5770.00,15,22.31
5775.00,15,22.25
5780.00,15,22.25
5785.00,15,22.25
5790.00,15,22.25
5795.00,15,22.25
5800.00,15,22.25
5805.00,15,22.25
5810.00,15,22.19
5815.00,15,22.19
5820.00,15,22.19
5825.00,15,22.19
5830.00,15,22.19
5835.00,15,22.19
5840.00,15,22.19
5845.00,15,22.12
5850.00,15,22.12
5855.00,15,22.12
5860.00,15,22.12
5865.00,15,22.12
5870.00,15,22.12
5875.00,15,22.12
5880.00,15,22.12
5885.00,15,22.12
5890.00,15,22.06
5895.00,15,22.06
5900.00,15,22.06
5905.00,15,22.06
5910.00,15,22.06
5915.00,15,22.06
5920.00,15,22.06
5925.00,15,22.06
5930.00,15,22.06
5935.00,15,22.00
5940.00,15,22.00
5945.00,15,22.00
5950.00,15,22.00
5955.00,15,22.00
5960.00,15,22.00
5965.00,15,22.00
5970.00,15,22.00
5975.00,15,22.00
5980.00,15,22.00
5985.00,15,21.94
5990.00,15,22.00
5995.00,15,21.94
6000.00,15,21.94
6005.00,15,21.94
6010.00,15,21.94
6015.00,15,21.94
6020.00,15,21.94
6025.00,15,21.94
6030.00,15,21.94
6035.00,15,21.94
6040.00,15,21.94
6045.00,15,21.94
6050.00,15,21.87
6055.00,15,21.87
6060.00,15,21.87
6065.00,15,21.87
6070.00,15,21.87
6075.00,15,21.87
6080.00,15,21.87
6085.00,15,21.87
6090.00,15,21.87
6095.00,15,21.87
6100.00,15,21.87
6105.00,15,21.87
6110.00,15,21.87
6115.00,15,21.87
6120.00,15,21.81
6125.00,15,21.81
6130.00,15,21.81
6135.00,15,21.81
6140.00,15,21.81
6145.00,15,21.81
6150.00,15,21.81
6155.00,15,21.81
6160.00,15,21.81
6165.00,15,21.81
6170.00,15,21.81
6175.00,15,21.81
6180.00,15,21.75
6185.00,15,21.81
6190.00,15,21.75
6195.00,15,21.75
6200.00,15,21.75
6205.00,15,21.75
6210.00,15,21.75
6215.00,15,21.75
6220.00,15,21.75
6225.00,15,21.75
6230.00,15,21.75
6235.00,15,21.75
6240.00,15,21.75
6245.00,15,21.75
6250.00,15,21.75
6255.00,15,21.75
6260.00,15,21.75
6265.00,15,21.69
6270.00,15,21.69
6275.00,15,21.69
6280.00,15,21.69
6285.00,15,21.69
6290.00,15,21.69
6295.00,15,21.69
6300.00,15,21.69
6305.00,255,21.69
6310.00,255,21.81
6315.00,255,22.19
6320.00,255,22.69
6325.00,255,23.25
6330.00,255,23.94
6335.00,255,24.62
6340.00,255,25.37
6345.00,255,26.12
6350.00,255,26.87
6355.00,255,27.62
6360.00,255,28.37
6365.00,255,29.12
6370.00,255,29.87
6375.00,255,30.62
6380.00,255,31.37
6385.00,255,32.13
6390.00,255,32.88
6395.00,255,33.63
6400.00,255,34.31
6405.00,255,35.06
6410.00,255,35.75
6415.00,255,36.50
6420.00,255,37.13
6425.00,255,37.81
6430.00,255,38.50
6435.00,255,39.13
6440.00,255,39.75
6445.00,255,40.38
6450.00,255,41.00
6455.00,255,41.63
6460.00,255,42.19
6465.00,255,42.75
6470.00,255,43.38
6475.00,255,43.88
6480.00,255,44.44
6485.00,255,44.94
6490.00,255,45.44
6495.00,255,45.94
6500.00,255,46.44
6505.00,255,46.94
6510.00,255,47.38
6515.00,255,47.88
6520.00,255,48.31
6525.00,255,48.75
6530.00,255,49.19
6535.00,255,49.56
6540.00,255,50.00
6545.00,255,50.38
6550.00,255,50.75
6555.00,255,51.19
6560.00,255,51.50
6565.00,255,51.88
6570.00,255,52.25
6575.00,255,52.56
6580.00,255,52.94
6585.00,255,53.25
6590.00,255,53.56
6595.00,255,53.88
6600.00,255,54.19
6605.00,255,54.50
6610.00,255,54.81
6615.00,255,55.06
6620.00,255,55.38
6625.00,255,55.63
6630.00,255,55.94
6635.00,255,56.19
6640.00,255,56.44
6645.00,255,56.69
6650.00,255,56.94
6655.00,255,57.13
6660.00,255,57.38
6665.00,255,57.63
6670.00,255,57.81
6675.00,255,58.00
6680.00,255,58.25
6685.00,255,58.44
6690.00,255,58.63
6695.00,255,58.81
6700.00,255,59.00
6705.00,255,59.19
6710.00,255,59.38
6715.00,255,59.56
6720.00,255,59.75
6725.00,255,59.88
6730.00,255,60.06
6735.00,255,60.25
6740.00,255,60.38
6745.00,255,60.56
6750.00,255,60.69
6755.00,255,60.81
6760.00,255,60.94
6765.00,255,61.13
6770.00,255,61.25
6775.00,255,61.38
6780.00,255,61.50
6785.00,255,61.63
6790.00,255,61.81
6795.00,255,61.88
6800.00,255,62.00
6805.00,255,62.13
6810.00,255,62.25
6815.00,255,62.38
6820.00,255,62.44
6825.00,255,62.56
6830.00,255,62.63
6835.00,255,62.75
6840.00,255,62.88
6845.00,255,62.94
6850.00,255,63.00
6855.00,255,63.13
6860.00,255,63.19
6865.00,255,63.31
6870.00,255,63.38
6875.00,255,63.44
6880.00,255,63.56
6885.00,255,63.63
6890.00,255,63.69
6895.00,255,63.75
6900.00,255,63.88
6905.00,255,63.94
6910.00,255,64.00
6915.00,255,64.06
6920.00,255,64.12
6925.00,255,64.19
6930.00,255,64.25
6935.00,255,64.31
6940.00,255,64.37
6945.00,255,64.44
6950.00,255,64.50
6955.00,255,64.56
6960.00,255,64.62
6965.00,255,64.69
6970.00,255,64.75
6975.00,255,64.81
6980.00,255,64.81
6985.00,255,64.87
6990.00,255,64.94
6995.00,255,65.00
7000.00,255,65.00
7005.00,255,65.06
7010.00,255,65.12
7015.00,255,65.19
7020.00,255,65.19
7025.00,255,65.25
7030.00,255,65.31
7035.00,255,65.31
7040.00,255,65.37
7045.00,255,65.44
7050.00,255,65.44
7055.00,255,65.50
7060.00,255,65.56
7065.00,255,65.56
7070.00,255,65.62
7075.00,255,65.69
7080.00,255,65.69
7085.00,255,65.69
7090.00,255,65.75
7095.00,255,65.81
7100.00,255,65.81
7105.00,255,65.87
7110.00,255,65.94
7115.00,255,65.94
7120.00,255,65.94
7125.00,255,66.00
7130.00,255,66.06
7135.00,255,66.06
7140.00,255,66.06
7145.00,255,66.12
7150.00,255,66.12
7155.00,255,66.12
7160.00,255,66.19
7165.00,255,66.19
7170.00,255,66.25
7175.00,255,66.25
7180.00,255,66.31
7185.00,255,66.31
7190.00,255,66.37
7195.00,255,66.37
7200.00,255,66.37
7205.00,255,66.37
7210.00,255,66.44
7215.00,255,66.44
7220.00,255,66.50
7225.00,255,66.50
7230.00,255,66.50
7235.00,255,66.56
7240.00,255,66.56
7245.00,255,66.56
7250.00,255,66.62
7255.00,255,66.62
7260.00,255,66.62
7265.00,255,66.62
7270.00,255,66.69
7275.00,255,66.69
7280.00,255,66.69
7285.00,255,66.75
7290.00,255,66.75
7295.00,255,66.75
7300.00,255,66.75
7305.00,255,66.81
7310.00,255,66.81
7315.00,255,66.81
7320.00,255,66.87
7325.00,255,66.87
7330.00,255,66.87
7335.00,255,66.87
7340.00,255,66.87
7345.00,255,66.87
7350.00,255,66.87
7355.00,255,66.94
7360.00,255,66.94
7365.00,255,66.94
7370.00,255,66.94
7375.00,255,67.00
7380.00,255,67.00
7385.00,255,67.00
7390.00,255,67.00
7395.00,255,67.06
7400.00,255,67.06
7405.00,255,67.06
7410.00,255,67.06
7415.00,255,67.12
7420.00,255,67.12
7425.00,255,67.12
7430.00,255,67.12
7435.00,255,67.12
7440.00,255,67.12
7445.00,255,67.19
7450.00,255,67.19
7455.00,255,67.19
7460.00,255,67.19
7465.00,255,67.19
7470.00,255,67.19
7475.00,255,67.19
7480.00,255,67.25
7485.00,255,67.25
7490.00,255,67.25
7495.00,255,67.25
7500.00,255,67.25
7505.00,255,67.31
7510.00,255,67.31
7515.00,255,67.31
7520.00,255,67.31
7525.00,255,67.31
7530.00,255,67.31
7535.00,255,67.31
7540.00,255,67.31
7545.00,255,67.37
7550.00,255,67.37
7555.00,255,67.37
7560.00,255,67.37
7565.00,255,67.37
7570.00,255,67.37
7575.00,255,67.37
7580.00,255,67.37
7585.00,255,67.37
7590.00,255,67.37
7595.00,255,67.37
7600.00,255,67.37
7605.00,255,67.44
7610.00,255,67.44
7615.00,255,67.44
7620.00,255,67.44
7625.00,255,67.44
7630.00,255,67.44
7635.00,255,67.44
7640.00,255,67.44
7645.00,255,67.44
7650.00,255,67.50
7655.00,255,67.50
7660.00,255,67.50
7665.00,255,67.50
7670.00,255,67.50
7675.00,255,67.50
7680.00,255,67.50
7685.00,255,67.50
7690.00,255,67.50
7695.00,255,67.50
7700.00,255,67.50
7705.00,255,67.50
7710.00,255,67.50
7715.00,255,67.56
7720.00,255,67.56
7725.00,255,67.56
7730.00,255,67.56
7735.00,255,67.56
7740.00,255,67.56
7745.00,255,67.56
7750.00,255,67.56
7755.00,255,67.56
7760.00,255,67.56
7765.00,255,67.56
7770.00,255,67.56
7775.00,255,67.56
7780.00,255,67.62
7785.00,255,67.56
7790.00,255,67.56
7795.00,255,67.62
7800.00,255,67.62
7805.00,255,67.62
7810.00,255,67.62
7815.00,255,67.62
7820.00,255,67.62
7825.00,255,67.62
7830.00,255,67.62
7835.00,255,67.69
7840.00,255,67.62
7845.00,255,67.69
7850.00,255,67.62
7855.00,255,67.69
7860.00,255,67.69
7865.00,255,67.69
7870.00,255,67.69
7875.00,255,67.69
7880.00,175,67.69
7885.00,175,67.62
7890.00,175,67.56
7895.00,175,67.37
7900.00,175,67.19
7905.00,175,67.00
7910.00,175,66.75
7915.00,175,66.56
7920.00,175,66.31
7925.00,175,66.06
7930.00,175,65.81
7935.00,175,65.56
7940.00,175,65.31
7945.00,175,65.06
7950.00,175,64.81
7955.00,175,64.56
7960.00,175,64.31
7965.00,175,64.06
7970.00,175,63.81
7975.00,175,63.63
7980.00,175,63.38
7985.00,175,63.13
7990.00,175,62.94
7995.00,175,62.69
8000.00,175,62.50
8005.00,175,62.25
8010.00,175,62.06
8015.00,175,61.88
8020.00,175,61.63
8025.00,175,61.44
8030.00,175,61.25
8035.00,175,61.06
8040.00,175,60.88
8045.00,175,60.69
8050.00,175,60.56
8055.00,175,60.38
8060.00,175,60.19
8065.00,175,60.06
8070.00,175,59.94
8075.00,175,59.75
8080.00,175,59.56
8085.00,175,59.44
8090.00,175,59.31
8095.00,175,59.19
8100.00,175,59.06
8105.00,175,58.88
8110.00,175,58.75
8115.00,175,58.63
8120.00,175,58.50
8125.00,175,58.44
8130.00,175,58.31
8135.00,175,58.19
8140.00,175,58.06
8145.00,175,57.94
8150.00,175,57.88
8155.00,175,57.75
8160.00,175,57.69
8165.00,175,57.56
8170.00,175,57.50
8175.00,175,57.38
8180.00,175,57.31
8185.00,175,57.19
8190.00,175,57.13
8195.00,175,57.06
8200.00,175,56.94
8205.00,175,56.88
8210.00,175,56.81
8215.00,175,56.75
8220.00,175,56.69
8225.00,175,56.56
8230.00,175,56.50
8235.00,175,56.44
8240.00,175,56.38
8245.00,175,56.31
8250.00,175,56.25
8255.00,175,56.19
8260.00,175,56.13
8265.00,175,56.06
8270.00,175,56.00
8275.00,175,56.00
8280.00,175,55.94
8285.00,175,55.88
8290.00,175,55.81
8295.00,175,55.75
8300.00,175,55.69
8305.00,175,55.69
8310.00,175,55.63
8315.00,175,55.56
8320.00,175,55.50
8325.00,175,55.50
8330.00,175,55.44
8335.00,175,55.44
8340.00,175,55.38
8345.00,175,55.31
8350.00,175,55.31
8355.00,175,55.25
8360.00,175,55.19
8365.00,175,55.19
8370.00,175,55.13
8375.00,175,55.13
8380.00,175,55.06
8385.00,175,55.06
8390.00,175,55.00
8395.00,175,54.94
8400.00,175,54.94
8405.00,175,54.88
8410.00,175,54.88
8415.00,175,54.88
8420.00,175,54.81
8425.00,175,54.81
8430.00,175,54.75
8435.00,175,54.75
8440.00,175,54.69
8445.00,175,54.69
8450.00,175,54.69
8455.00,175,54.63
8460.00,175,54.63
8465.00,175,54.63
8470.00,175,54.56
8475.00,175,54.56
8480.00,175,54.50
8485.00,175,54.50
8490.00,175,54.50
8495.00,175,54.50
8500.00,175,54.44
8505.00,175,54.44
8510.00,175,54.38
8515.00,175,54.38
8520.00,175,54.38
8525.00,175,54.31
8530.00,175,54.31
8535.00,175,54.31
8540.00,175,54.25
8545.00,175,54.25
8550.00,175,54.25
8555.00,175,54.19
8560.00,175,54.19
8565.00,175,54.19
8570.00,175,54.19
8575.00,175,54.13
8580.00,175,54.13
8585.00,175,54.13
8590.00,175,54.13
8595.00,175,54.13
8600.00,175,54.13
8605.00,175,54.06
8610.00,175,54.06
8615.00,175,54.06
8620.00,175,54.06
8625.00,175,54.06
8630.00,175,54.00
8635.00,175,54.00
8640.00,175,54.00
8645.00,175,54.00
8650.00,175,54.00
8655.00,175,54.00
8660.00,175,54.00
8665.00,175,53.94
8670.00,175,53.94
8675.00,175,53.94
8680.00,175,53.94
8685.00,175,53.94
8690.00,175,53.94
8695.00,175,53.94
8700.00,175,53.94
8705.00,175,53.88
8710.00,175,53.88
8715.00,175,53.88
8720.00,175,53.88
8725.00,175,53.88
8730.00,175,53.88
8735.00,175,53.88
8740.00,175,53.88
8745.00,175,53.88
8750.00,175,53.81
8755.00,175,53.81
8760.00,175,53.81
8765.00,175,53.81
8770.00,175,53.81
8775.00,175,53.81
8780.00,175,53.81
8785.00,175,53.81
8790.00,175,53.75
8795.00,175,53.75
8800.00,175,53.75
8805.00,175,53.75
8810.00,175,53.75
8815.00,175,53.75
8820.00,175,53.75
8825.00,175,53.75
8830.00,175,53.75
8835.00,175,53.69
8840.00,175,53.69
8845.00,175,53.69
8850.00,175,53.69
8855.00,175,53.69
8860.00,175,53.69
8865.00,175,53.69
8870.00,175,53.69
8875.00,175,53.69
8880.00,175,53.63
8885.00,175,53.63
8890.00,175,53.63
8895.00,175,53.63
8900.00,175,53.63
8905.00,175,53.63
8910.00,175,53.63
8915.00,175,53.63
8920.00,175,53.56
8925.00,175,53.63
8930.00,175,53.56
8935.00,175,53.56
8940.00,175,53.56
8945.00,175,53.56
8950.00,175,53.56
8955.00,175,53.56
8960.00,175,53.56
8965.00,175,53.56
8970.00,175,53.56
8975.00,175,53.56
8980.00,175,53.56
8985.00,175,53.50
8990.00,175,53.56
8995.00,175,53.56
9000.00,175,53.50
9005.00,175,53.50
9010.00,175,53.50
9015.00,175,53.50
9020.00,175,53.50
9025.00,175,53.50
9030.00,175,53.50
9035.00,175,53.50
9040.00,175,53.50
9045.00,175,53.50
9050.00,175,53.50
9055.00,175,53.50
9060.00,175,53.50
9065.00,175,53.50
9070.00,175,53.50
9075.00,175,53.50
9080.00,175,53.50
9085.00,175,53.50
9090.00,175,53.50
9095.00,175,53.50
9100.00,175,53.50
9105.00,175,53.50
9110.00,175,53.50
9115.00,175,53.50
9120.00,175,53.50
9125.00,175,53.44
9130.00,175,53.44
9135.00,175,53.44
9140.00,175,53.44
9145.00,175,53.44
9150.00,175,53.44
9155.00,175,53.44
9160.00,175,53.44
